4 heads, dropout 0.1, learning rate 2e-4
Epoch 20 Loss 0.6598 Accuracy 0.8705

tutti i versi iniziano con "e" e sono di 6 righe

[11, 11, 11, 12, 11, 11, 11, 11, 11, 13, 11, 11, 11, 11, 11, 13, 11, 11, 11, 11, 11, 12, 11, 11, 11, 11, 11, 12, 11, 11, 11, 11, 11, 12, 11, 11, 11, 11, 11, 12, 11, 11, 11, 11, 11, 12, 11, 11, 11, 11, 11, 13, 11, 11, 11, 11, 11, 12, 11, 11, 11, 11, 11, 12, 11, 11, 11, 11, 10, 12, 11, 11, 11, 11, 11, 13, 11, 11, 11, 11, 11, 12, 11, 11, 11, 11, 11, 13, 11, 11, 11, 11, 11, 13, 11, 11, 11, 11]
11.214285714285714
81 endec out of 98 lines



training uses: 2 heads, 0.1 dropout, 0.0002 learning rate
Epoch 20 Loss 0.5793 Accuracy 0.8768

alcune strofe di 6 versi

[9, 9, 8, 12, 11, 11, 11, 11, 11, 11, 11, 11, 11, 11, 11, 11, 11, 11, 11, 11, 11, 11, 11, 11, 12, 11, 11, 11, 11, 11, 11, 11, 11, 11, 11, 11, 11, 11, 11, 11, 11, 11, 11, 11, 11, 12, 11, 11, 11, 11, 11, 11, 11, 11, 11, 11, 11, 11, 11, 11, 11, 11, 11, 11, 11, 11, 12, 11, 11, 11, 11, 11, 11, 11, 11, 11, 11, 11, 11, 11, 11, 11, 11, 11, 11, 11]
10.965116279069768
79 endec out of 86 lines



training uses: 8 heads, 0.1 dropout, 0.0002 learning rate
Epoch 20 Loss 0.5138 Accuracy 0.8852

alcune strofe di 6 versi

[9, 9, 8, 12, 10, 12, 11, 11, 11, 11, 11, 11, 11, 11, 11, 11, 11, 11, 11, 11, 11, 11, 11, 11, 12, 11, 11, 11, 11, 11, 11, 11, 11, 11, 11, 11, 11, 11, 11, 11, 11, 11, 11, 11, 11, 12, 11, 11, 11, 11, 11, 11, 11, 12, 11, 11, 11, 11, 11, 11, 11, 11, 12, 11, 11, 11, 12, 10, 12, 11, 11, 11, 11, 11, 11, 11, 11, 11, 11, 11, 11, 11, 11, 12, 11, 11]
11.0
72 endec out of 86 lines











training uses: 4 heads, 0.3 dropout, 0.0002 learning rate
Epoch 20 Loss 0.7471 Accuracy 0.8578

una strofa si perde un a capo e alcuni di 6 versi

[9, 9, 8, 12, 11, 10, 11, 11, 11, 11, 10, 12, 11, 11, 10, 11, 10, 12, 12, 9, 12, 10, 1, 9, 11, 12, 11, 11, 10, 13, 9, 11, 11, 11, 11, 10, 11, 22, 12, 11, 11, 11, 11, 11, 10, 12, 11, 10, 11, 11, 11, 11, 11, 10, 11, 11, 11, 11, 11, 11, 11, 11, 11, 11, 11, 10, 12, 11, 10, 10, 11, 11, 11, 10, 12, 10, 11, 11, 11, 11, 10, 11, 10, 11, 11, 11]
10.80232558139535
50 endec out of 86 lines



training uses: 4 heads, 0.5 dropout, 0.0002 learning rate
Epoch 20 Loss 0.7364 Accuracy 0.8576

alcune strofe di 6 versi

[9, 9, 8, 12, 11, 11, 10, 12, 11, 11, 11, 11, 11, 11, 11, 11, 11, 11, 11, 11, 11, 11, 11, 11, 12, 11, 11, 11, 10, 12, 11, 11, 11, 11, 11, 11, 11, 11, 11, 11, 11, 11, 11, 11, 12, 12, 11, 10, 11, 11, 11, 11, 11, 11, 11, 11, 11, 11, 11, 11, 11, 11, 11, 11, 11, 11, 12, 11, 11, 11, 10, 12, 11, 11, 11, 11, 12, 10, 11, 11, 11, 11, 11, 11, 12, 10]
10.965116279069768
67 endec out of 86 lines








training uses: 4 heads, 0.1 dropout, 0.002 learning rate
Epoch 20 Loss 0.5564 Accuracy 0.8786

alcune strofe di 6 versi

[9, 9, 8, 11, 12, 11, 11, 11, 11, 11, 11, 11, 11, 11, 11, 11, 11, 11, 11, 11, 11, 11, 11, 11, 13, 11, 11, 11, 11, 11, 11, 11, 11, 11, 11, 11, 11, 11, 11, 11, 11, 11, 11, 11, 11, 13, 11, 11, 11, 11, 11, 11, 11, 11, 11, 11, 11, 11, 11, 11, 11, 11, 11, 11, 11, 11, 12, 11, 11, 11, 11, 11, 12, 10, 11, 11, 11, 11, 11, 11, 11, 11, 11, 11, 11, 11]
10.988372093023257
77 endec out of 86 lines



training uses: 4 heads, 0.1 dropout, 0.02 learning rate
Epoch 20 Loss 0.4809 Accuracy 0.8892

alcune strofe di 6 versi

[9, 9, 8, 12, 11, 11, 11, 11, 11, 10, 11, 10, 10, 11, 11, 11, 11, 10, 11, 10, 11, 11, 11, 11, 12, 11, 10, 11, 10, 11, 11, 10, 11, 10, 11, 11, 11, 11, 10, 11, 10, 11, 11, 11, 11, 13, 11, 11, 11, 11, 11, 11, 11, 11, 11, 11, 11, 11, 11, 11, 11, 11, 11, 11, 11, 11, 13, 11, 11, 11, 11, 11, 11, 11, 11, 11, 11, 11, 11, 11, 11, 11, 11, 11, 11, 11, 11]
10.862068965517242
69 endec out of 87 lines
